#         eta_H        central        num_err    min (scale)        num_err    max (scale)        num_err
             -5      11.947724     0.27349153      11.937389     0.27330275      11.958063     0.27369656
           -4.5      20.922557     0.37227246      20.906346     0.37205542      20.938779     0.37250909
             -4      31.628522     0.42031078      31.602549     0.42000483      31.654501     0.42064227
           -3.5      42.707284     0.49103656      42.676939     0.49090636      42.737641     0.49128913
             -3       52.11214     0.53768479      52.092392     0.53751567      52.131903     0.53787816
           -2.5      56.556489     0.55234245      56.542721      0.5521879      56.570275      0.5525299
             -2      54.549518     0.54554678      54.538569     0.54539633       54.56049     0.54573505
           -1.5      50.065123     0.52454767      50.056819     0.52439001      50.073444     0.52474701
             -1      42.084823     0.48747433      42.078995     0.48732245      42.090671      0.4876827
           -0.5      36.367876     0.45187722      36.365584     0.45198514      36.370175     0.45180171
              0      36.094806     0.48007134      36.058887     0.48980895      36.128616     0.47237421
            0.5      41.663764      0.4796435      41.630912     0.47908603       41.69663     0.48027509
              1       49.59026     0.52135639      49.535015      0.5205886      49.645637     0.52221392
            1.5      53.638844     0.53873226      53.545616     0.53766539      53.732088     0.53989435
              2      56.197063     0.54991455      56.061892     0.54837185      56.332584     0.55169945
            2.5      51.508805     0.52648413      51.326871     0.52446139      51.690758     0.52893784
              3      43.157414     0.48911982      43.004417     0.48726646      43.310426     0.49104694
            3.5      31.176127     0.42666061      31.027047     0.42420944      31.325222     0.42920663
              4      20.721769     0.35297545      20.590899     0.35039849      20.852644     0.35565969
            4.5      12.411663     0.27961482      12.331425     0.27797416       12.49191     0.28134761
              5      12.411663     0.27961482      12.331425     0.27797416       12.49191     0.28134761
