#          pt_H        central        num_err    min (scale)        num_err    max (scale)        num_err
              0      4.8375413    0.026298672      4.8174496    0.026179741      4.8576353    0.026424413
             20      5.4957766     0.02683523      5.4860862    0.026784249      5.5054693    0.026888679
             40       3.603386     0.02190327      3.6006384     0.02187843      3.6061348    0.021931414
             60      2.3134535     0.01780856        2.31302    0.017799146      2.3138879    0.017819319
             80       1.486113    0.014376406      1.4859888    0.014382151      1.4862399    0.014371811
            100     0.96242431     0.01228619     0.96179301    0.012519491     0.96300287    0.012103752
            120     0.62150616   0.0095156017     0.62131974   0.0095087583     0.62169292   0.0095362278
            140     0.40983084   0.0075920584     0.40954297   0.0075907447      0.4101189   0.0075943647
            160     0.27187955    0.006173941     0.27171039    0.006178106     0.27204871   0.0061713455
            180     0.18282922   0.0050724292     0.18260402   0.0050668439     0.18305457   0.0050783386
            200     0.12617674   0.0049304739     0.12602347   0.0049168987     0.12633822   0.0049491465
            220    0.077739412   0.0033121384     0.07761184   0.0033097911     0.07786709   0.0033155787
            240    0.060611089   0.0029183242     0.06044027   0.0029109774      0.0607819   0.0029260796
            260    0.036688436   0.0022803746    0.036578564   0.0022759949     0.03679829   0.0022854815
            280    0.023687661   0.0018567596    0.023653067   0.0018501519    0.023722303   0.0018642379
            300    0.012409836   0.0014409477    0.012357217   0.0014376992    0.012462467   0.0014444399
            320   0.0088288912   0.0013086335   0.0087562965   0.0013074147   0.0089014699   0.0013103228
            340    0.003610468   0.0011179672   0.0035607832   0.0011180069   0.0036601534   0.0011187437
            360  -0.0013584567  0.00097956311  -0.0014151333  0.00097894601  -0.0013017734   0.0009815875
            380  -0.0028910403  0.00081449358  -0.0028934433  0.00081796341    -0.00288864   0.0008112346
            400  -0.0021390303  0.00082150276    -0.00218012  0.00082926117  -0.0020979367   0.0008145757
            420  -0.0039395244  0.00078034005  -0.0039574134  0.00078402832  -0.0039216399  0.00077778228
            440  -0.0038036786  0.00071878662    -0.00381851  0.00072160518    -0.00378885  0.00071600045
            460  -0.0051021756   0.0011998098  -0.0051359033    0.001242142  -0.0050684533   0.0011591354
            480    -0.00407537  0.00074401933  -0.0040948267   0.0007476631  -0.0040559167  0.00074056047
            500    -0.00407537  0.00074401933  -0.0040948267   0.0007476631  -0.0040559167  0.00074056047
