#      ptzoom_H        central        num_err    min (scale)        num_err    max (scale)        num_err
              0      1.8206749    0.034089086      1.8150041    0.033993727      1.8263461    0.034191936
              5      4.7824318    0.054845194      4.7577072    0.054517724       4.807159    0.055197106
             10      6.2411824    0.061101005      6.2130699    0.060796161      6.2692979    0.061418086
             15      6.5058761    0.061105395       6.484017    0.060899438       6.527738    0.061319623
             20      6.3201597     0.06000472      6.3045278    0.059835135       6.335794    0.060181821
             25      5.7188996    0.056088367      5.7084266    0.055984214      5.7293749    0.056196756
             30       5.290687    0.053794004       5.283415    0.053718821      5.2979607     0.05387331
             35      4.6533602    0.050338079      4.6479752    0.050278193      4.6587475    0.050400844
             40      4.1972451    0.048037769      4.1928854    0.047985588      4.2016061    0.048093469
             45      3.8626294    0.046138504      3.8595051    0.046065027      3.8657552    0.046224497
             50      3.3706386    0.043058996      3.3685211     0.04301389       3.372757    0.043110364
             55      2.9830308    0.040827935      2.9816421    0.040801293       2.984421    0.040858028
             60       2.705871     0.03880355      2.7049674    0.038774535      2.7067745    0.038836556
             65      2.3825784    0.036566864      2.3820262    0.036544188      2.3831322    0.036591635
             70      2.1634458    0.035199356      2.1634278    0.035189174      2.1634648    0.035211053
             75      2.0019187    0.033288565      2.0016587    0.033276775      2.0021799    0.033303317
             80      1.7170081    0.031436715      1.7168153    0.031415447      1.7172113    0.031460297
             85      1.5275104    0.029154246      1.5273583     0.02916527      1.5276629    0.029146048
             90      1.3963604    0.028006343      1.3959267    0.028006059      1.3967951    0.028007881
             95      1.3035728    0.027053285      1.3034588    0.027063018      1.3036864      0.0270463
            100      1.3035728    0.027053285      1.3034588    0.027063018      1.3036864      0.0270463
