#           y_H        central        num_err    min (scale)        num_err    max (scale)        num_err
             -5              0              0              0              0              0              0
           -4.5     0.01630148     0.00941135    0.016279066   0.0093985945    0.016324134   0.0094246125
             -4      2.0017675     0.13034208      2.0011129     0.13035359      2.0024241     0.13033283
           -3.5      8.5334323     0.23108536      8.5295046     0.23099235      8.5373809     0.23118669
             -3      22.822138     0.39266405      22.814936     0.39254547      22.829352     0.39279188
           -2.5      40.717674     0.49028936      40.709996     0.49019224       40.72535     0.49040605
             -2      61.593211     0.59662909      61.590984     0.59667216      61.595451     0.59661454
           -1.5      80.197886     0.65862618      80.179234     0.65843636       80.21658     0.65885779
             -1      94.584416     0.70801232      94.523165      0.7076206      94.645697     0.70854576
           -0.5      100.16974     0.72728053      100.07326     0.72653983      100.26626     0.72808351
              0      99.454633     0.74051357      99.278104     0.74588037      99.629086     0.73661543
            0.5      93.439004     0.70164932      93.234978      0.7000084      93.643169     0.70342926
              1      79.581815     0.66107577      79.351744     0.65867662      79.811914     0.66367681
            1.5      60.762377     0.57828289      60.570175     0.57606575      60.954605     0.58062007
              2      40.735985     0.49288445      40.573192     0.49075709      40.899122     0.49552188
            2.5      22.652309     0.39056943       22.54758     0.38729838       22.75705     0.39399379
              3      8.7371056     0.24549527      8.6935629     0.24364637      8.7806568     0.24741611
            3.5      1.7996336     0.10862877      1.7873772      0.1078635      1.8118901      0.1094143
              4    0.054338265    0.017182237    0.053566265    0.016942342    0.055110535    0.017430509
            4.5              0              0              0              0              0              0
              5              0              0              0              0              0              0
