#          pt_H        central        num_err    min (scale)        num_err    max (scale)        num_err
              0      5.8689091    0.037039064      5.8689091    0.037039064      5.8689091    0.037039064
             20      6.0316639    0.036314191      6.0316639    0.036314191      6.0316639    0.036314191
             40      3.7775975    0.029108623      3.7775975    0.029108623      3.7775975    0.029108623
             60      2.3524191    0.023355425      2.3524191    0.023355425      2.3524191    0.023355425
             80      1.4733462    0.018715928      1.4733462    0.018715928      1.4733462    0.018715928
            100     0.99952508    0.015271353     0.99952508    0.015271353     0.99952508    0.015271353
            120     0.66719095    0.012775013     0.66719095    0.012775013     0.66719095    0.012775013
            140     0.47942884    0.011708442     0.47942884    0.011708442     0.47942884    0.011708442
            160     0.31452663   0.0086910002     0.31452663   0.0086910002     0.31452663   0.0086910002
            180     0.22051161   0.0074183247     0.22051161   0.0074183247     0.22051161   0.0074183247
            200     0.16364076   0.0061327114     0.16364076   0.0061327114     0.16364076   0.0061327114
            220     0.12745417   0.0054424075     0.12745417   0.0054424075     0.12745417   0.0054424075
            240    0.093630863   0.0048594899    0.093630863   0.0048594899    0.093630863   0.0048594899
            260     0.06910103   0.0041081144     0.06910103   0.0041081144     0.06910103   0.0041081144
            280    0.050914156   0.0037342115    0.050914156   0.0037342115    0.050914156   0.0037342115
            300    0.040478199   0.0030163682    0.040478199   0.0030163682    0.040478199   0.0030163682
            320    0.027191496    0.002486961    0.027191496    0.002486961    0.027191496    0.002486961
            340    0.032404896   0.0055839069    0.032404896   0.0055839069    0.032404896   0.0055839069
            360    0.022896949   0.0031069694    0.022896949   0.0031069694    0.022896949   0.0031069694
            380     0.01972462   0.0021507856     0.01972462   0.0021507856     0.01972462   0.0021507856
            400    0.013036573   0.0017116103    0.013036573   0.0017116103    0.013036573   0.0017116103
            420    0.007953511   0.0013469795    0.007953511   0.0013469795    0.007953511   0.0013469795
            440   0.0091960095   0.0016256032   0.0091960095   0.0016256032   0.0091960095   0.0016256032
            460   0.0047201385   0.0010299659   0.0047201385   0.0010299659   0.0047201385   0.0010299659
            480    0.005694416   0.0011411775    0.005694416   0.0011411775    0.005694416   0.0011411775
            500    0.005694416   0.0011411775    0.005694416   0.0011411775    0.005694416   0.0011411775
