#      ptzoom_H        central        num_err    min (scale)        num_err    max (scale)        num_err
              0      2.2897274    0.048406523      2.2897274    0.048406523      2.2897274    0.048406523
              5      6.0300914    0.079852684      6.0300914    0.079852684      6.0300914    0.079852684
             10      7.4345249    0.084784444      7.4345249    0.084784444      7.4345249    0.084784444
             15      7.7212928    0.085384751      7.7212928    0.085384751      7.7212928    0.085384751
             20      6.9789087    0.080752629      6.9789087    0.080752629      6.9789087    0.080752629
             25      6.4813935    0.077290287      6.4813935    0.077290287      6.4813935    0.077290287
             30       5.616382    0.072065932       5.616382    0.072065932       5.616382    0.072065932
             35      5.0499715    0.067767672      5.0499715    0.067767672      5.0499715    0.067767672
             40      4.5004111    0.064567433      4.5004111    0.064567433      4.5004111    0.064567433
             45      3.9118965    0.059980664      3.9118965    0.059980664      3.9118965    0.059980664
             50      3.5826318    0.057604512      3.5826318    0.057604512      3.5826318    0.057604512
             55      3.1154509    0.054192254      3.1154509    0.054192254      3.1154509    0.054192254
             60      2.8408435    0.051216368      2.8408435    0.051216368      2.8408435    0.051216368
             65      2.4026466    0.048131457      2.4026466    0.048131457      2.4026466    0.048131457
             70      2.1859764     0.04602604      2.1859764     0.04602604      2.1859764     0.04602604
             75      1.9802097    0.043008319      1.9802097    0.043008319      1.9802097    0.043008319
             80      1.7162728    0.040850933      1.7162728    0.040850933      1.7162728    0.040850933
             85      1.5019188    0.037894106      1.5019188    0.037894106      1.5019188    0.037894106
             90      1.4211918    0.036397621      1.4211918    0.036397621      1.4211918    0.036397621
             95      1.2540013     0.03528909      1.2540013     0.03528909      1.2540013     0.03528909
            100      1.2540013     0.03528909      1.2540013     0.03528909      1.2540013     0.03528909
