#         eta_H        central        num_err    min (scale)        num_err    max (scale)        num_err
             -5      14.842697      0.3883429      14.842697      0.3883429      14.842697      0.3883429
           -4.5      25.199316     0.49705803      25.199316     0.49705803      25.199316     0.49705803
             -4      36.763644     0.59469318      36.763644     0.59469318      36.763644     0.59469318
           -3.5      48.772025     0.66956213      48.772025     0.66956213      48.772025     0.66956213
             -3      56.401523     0.71273931      56.401523     0.71273931      56.401523     0.71273931
           -2.5      61.418339     0.74308511      61.418339     0.74308511      61.418339     0.74308511
             -2      59.312541     0.73419902      59.312541     0.73419902      59.312541     0.73419902
           -1.5      54.124073     0.70112501      54.124073     0.70112501      54.124073     0.70112501
             -1      46.854026     0.66866277      46.854026     0.66866277      46.854026     0.66866277
           -0.5      42.009179      0.6535367      42.009179      0.6535367      42.009179      0.6535367
              0      43.389074       0.647967      43.389074       0.647967      43.389074       0.647967
            0.5      47.660924     0.65968273      47.660924     0.65968273      47.660924     0.65968273
              1      53.864784     0.70276202      53.864784     0.70276202      53.864784     0.70276202
            1.5      58.844121     0.73007998      58.844121     0.73007998      58.844121     0.73007998
              2      60.702481     0.73750541      60.702481     0.73750541      60.702481     0.73750541
            2.5      55.538668     0.71317432      55.538668     0.71317432      55.538668     0.71317432
              3      46.634993     0.64593214      46.634993     0.64593214      46.634993     0.64593214
            3.5      35.116214     0.58249888      35.116214     0.58249888      35.116214     0.58249888
              4      24.626254      0.4945657      24.626254      0.4945657      24.626254      0.4945657
            4.5       15.38737     0.46904528       15.38737     0.46904528       15.38737     0.46904528
              5       15.38737     0.46904528       15.38737     0.46904528       15.38737     0.46904528
