#           y_H        central        num_err    min (scale)        num_err    max (scale)        num_err
             -5              0              0              0              0              0              0
           -4.5     0.07192592    0.025428223     0.07192592    0.025428223     0.07192592    0.025428223
             -4       2.490716     0.18073248       2.490716     0.18073248       2.490716     0.18073248
           -3.5       10.46181     0.32792902       10.46181     0.32792902       10.46181     0.32792902
             -3      25.489885     0.53302502      25.489885     0.53302502      25.489885     0.53302502
           -2.5      46.829662     0.66435761      46.829662     0.66435761      46.829662     0.66435761
             -2      69.458019     0.80153253      69.458019     0.80153253      69.458019     0.80153253
           -1.5      88.265683     0.89092334      88.265683     0.89092334      88.265683     0.89092334
             -1      105.67248     0.96885061      105.67248     0.96885061      105.67248     0.96885061
           -0.5      111.91284      1.0106631      111.91284      1.0106631      111.91284      1.0106631
              0      115.38056      1.0109132      115.38056      1.0109132      115.38056      1.0109132
            0.5      102.78166     0.95240161      102.78166     0.95240161      102.78166     0.95240161
              1       87.42288     0.88632978       87.42288     0.88632978       87.42288     0.88632978
            1.5      68.115416     0.83038685      68.115416     0.83038685      68.115416     0.83038685
              2      45.276342     0.66154376      45.276342     0.66154376      45.276342     0.66154376
            2.5      25.063036     0.50288299      25.063036     0.50288299      25.063036     0.50288299
              3      9.3111985     0.30511172      9.3111985     0.30511172      9.3111985     0.30511172
            3.5      2.2757157     0.17804503      2.2757157     0.17804503      2.2757157     0.17804503
              4     0.15555032    0.087402235     0.15555032    0.087402235     0.15555032    0.087402235
            4.5              0              0              0              0              0              0
              5              0              0              0              0              0              0
