#         eta_H        central        num_err    min (scale)        num_err    max (scale)        num_err
             -5      12.890791     0.28790623      12.890791     0.28790623      12.890791     0.28790623
           -4.5      22.132112     0.38914624      22.132112     0.38914624      22.132112     0.38914624
             -4      32.253592     0.44136848      32.253592     0.44136848      32.253592     0.44136848
           -3.5      43.308816     0.49273437      43.308816     0.49273437      43.308816     0.49273437
             -3      52.842621     0.54124615      52.842621     0.54124615      52.842621     0.54124615
           -2.5      57.816679     0.56368654      57.816679     0.56368654      57.816679     0.56368654
             -2      54.818759     0.55201635      54.818759     0.55201635      54.818759     0.55201635
           -1.5      49.648394     0.52939983      49.648394     0.52939983      49.648394     0.52939983
             -1      42.949649     0.49356298      42.949649     0.49356298      42.949649     0.49356298
           -0.5      38.144539     0.47410492      38.144539     0.47410492      38.144539     0.47410492
              0      37.567135      0.4627098      37.567135      0.4627098      37.567135      0.4627098
            0.5      41.860594     0.50877501      41.860594     0.50877501      41.860594     0.50877501
              1      49.463357     0.53495153      49.463357     0.53495153      49.463357     0.53495153
            1.5       54.86167     0.55111866       54.86167     0.55111866       54.86167     0.55111866
              2      56.456602     0.56390238      56.456602     0.56390238      56.456602     0.56390238
            2.5      54.138309     0.54612298      54.138309     0.54612298      54.138309     0.54612298
              3      44.897276     0.50602658      44.897276     0.50602658      44.897276     0.50602658
            3.5      32.356802     0.45459065      32.356802     0.45459065      32.356802     0.45459065
              4      21.769328     0.37666471      21.769328     0.37666471      21.769328     0.37666471
            4.5      12.687195      0.2767064      12.687195      0.2767064      12.687195      0.2767064
              5      12.687195      0.2767064      12.687195      0.2767064      12.687195      0.2767064
