#          pt_H        central        num_err    min (scale)        num_err    max (scale)        num_err
              0      5.0451007    0.027445704      5.0451007    0.027445704      5.0451007    0.027445704
             20      5.6080556    0.027447313      5.6080556    0.027447313      5.6080556    0.027447313
             40      3.6872253    0.022431444      3.6872253    0.022431444      3.6872253    0.022431444
             60      2.3323638    0.018345842      2.3323638    0.018345842      2.3323638    0.018345842
             80      1.5323056    0.014948243      1.5323056    0.014948243      1.5323056    0.014948243
            100     0.95343865    0.011712335     0.95343865    0.011712335     0.95343865    0.011712335
            120     0.62245575   0.0094945081     0.62245575   0.0094945081     0.62245575   0.0094945081
            140     0.41516878   0.0077509736     0.41516878   0.0077509736     0.41516878   0.0077509736
            160     0.27330763   0.0062887237     0.27330763   0.0062887237     0.27330763   0.0062887237
            180     0.18013181   0.0053713222     0.18013181   0.0053713222     0.18013181   0.0053713222
            200     0.12313258   0.0041446881     0.12313258   0.0041446881     0.12313258   0.0041446881
            220    0.086376344   0.0038036994    0.086376344   0.0038036994    0.086376344   0.0038036994
            240    0.059313923   0.0032808359    0.059313923   0.0032808359    0.059313923   0.0032808359
            260    0.032541483   0.0021546583    0.032541483   0.0021546583    0.032541483   0.0021546583
            280    0.028617358   0.0020502005    0.028617358   0.0020502005    0.028617358   0.0020502005
            300    0.013865433   0.0014540444    0.013865433   0.0014540444    0.013865433   0.0014540444
            320   0.0073486798   0.0012323134   0.0073486798   0.0012323134   0.0073486798   0.0012323134
            340    0.001535462  0.00097207688    0.001535462  0.00097207688    0.001535462  0.00097207688
            360    0.001637959  0.00090828273    0.001637959  0.00090828273    0.001637959  0.00090828273
            380   -0.001663852   0.0007069794   -0.001663852   0.0007069794   -0.001663852   0.0007069794
            400  -0.0031890497  0.00079647874  -0.0031890497  0.00079647874  -0.0031890497  0.00079647874
            420  -0.0030503954  0.00080844713  -0.0030503954  0.00080844713  -0.0030503954  0.00080844713
            440  -0.0040209757  0.00082024713  -0.0040209757  0.00082024713  -0.0040209757  0.00082024713
            460  -0.0055986547  0.00092903575  -0.0055986547  0.00092903575  -0.0055986547  0.00092903575
            480  -0.0042320887  0.00080030233  -0.0042320887  0.00080030233  -0.0042320887  0.00080030233
            500  -0.0042320887  0.00080030233  -0.0042320887  0.00080030233  -0.0042320887  0.00080030233
