#      ptzoom_H        central        num_err    min (scale)        num_err    max (scale)        num_err
              0      1.9376389    0.034468421      1.9376389    0.034468421      1.9376389    0.034468421
              5      5.0801938    0.058504057      5.0801938    0.058504057      5.0801938    0.058504057
             10      6.4874548    0.064447225      6.4874548    0.064447225      6.4874548    0.064447225
             15      6.6751152    0.062496046      6.6751152    0.062496046      6.6751152    0.062496046
             20      6.4682328    0.061241128      6.4682328    0.061241128      6.4682328    0.061241128
             25       5.934712    0.058145492       5.934712    0.058145492       5.934712    0.058145492
             30      5.2659278    0.054246273      5.2659278    0.054246273      5.2659278    0.054246273
             35        4.76335    0.051568747        4.76335    0.051568747        4.76335    0.051568747
             40      4.3078714      0.0493406      4.3078714      0.0493406      4.3078714      0.0493406
             45      3.8555873    0.046540258      3.8555873    0.046540258      3.8555873    0.046540258
             50       3.481282    0.044322498       3.481282    0.044322498       3.481282    0.044322498
             55      3.1041605    0.042189604      3.1041605    0.042189604      3.1041605    0.042189604
             60      2.8069056    0.042174285      2.8069056    0.042174285      2.8069056    0.042174285
             65      2.3897111    0.036921914      2.3897111    0.036921914      2.3897111    0.036921914
             70      2.1955429    0.035460279      2.1955429    0.035460279      2.1955429    0.035460279
             75      1.9372956    0.033226704      1.9372956    0.033226704      1.9372956    0.033226704
             80      1.8352581    0.033134258      1.8352581    0.033134258      1.8352581    0.033134258
             85      1.5606268    0.029821833      1.5606268    0.029821833      1.5606268    0.029821833
             90      1.4545176    0.029646838      1.4545176    0.029646838      1.4545176    0.029646838
             95      1.2788197    0.027567277      1.2788197    0.027567277      1.2788197    0.027567277
            100      1.2788197    0.027567277      1.2788197    0.027567277      1.2788197    0.027567277
