#           y_H        central        num_err    min (scale)        num_err    max (scale)        num_err
             -5              0              0              0              0              0              0
           -4.5    0.027730867    0.012401207    0.027730867    0.012401207    0.027730867    0.012401207
             -4      1.9648631     0.12901331      1.9648631     0.12901331      1.9648631     0.12901331
           -3.5      9.1666844     0.26493608      9.1666844     0.26493608      9.1666844     0.26493608
             -3      22.340584      0.3709835      22.340584      0.3709835      22.340584      0.3709835
           -2.5      40.759682     0.48722951      40.759682     0.48722951      40.759682     0.48722951
             -2      63.999763     0.61995001      63.999763     0.61995001      63.999763     0.61995001
           -1.5      81.774964     0.67580219      81.774964     0.67580219      81.774964     0.67580219
             -1      95.130603     0.71833032      95.130603     0.71833032      95.130603     0.71833032
           -0.5      103.57985     0.74837199      103.57985     0.74837199      103.57985     0.74837199
              0      102.09166     0.75418526      102.09166     0.75418526      102.09166     0.75418526
            0.5      94.297478     0.72091564      94.297478     0.72091564      94.297478     0.72091564
              1      81.547774     0.67918515      81.547774     0.67918515      81.547774     0.67918515
            1.5      63.085425     0.61524785      63.085425     0.61524785      63.085425     0.61524785
              2      42.967072     0.50662803      42.967072     0.50662803      42.967072     0.50662803
            2.5      22.867539     0.39024702      22.867539     0.39024702      22.867539     0.39024702
              3         9.1749     0.26355545         9.1749     0.26355545         9.1749     0.26355545
            3.5      1.9697031     0.11231357      1.9697031     0.11231357      1.9697031     0.11231357
              4    0.027730867    0.012401042    0.027730867    0.012401042    0.027730867    0.012401042
            4.5              0              0              0              0              0              0
              5              0              0              0              0              0              0
