#         eta_H        central        num_err    min (scale)        num_err    max (scale)        num_err
             -5         13.396      1.1705592      13.138293      1.3929851      13.633522     0.97206685
           -4.5      23.907376     0.47062258      23.871441     0.47000436        23.9433     0.47131889
             -4      35.232198     0.69959259      35.192562     0.66023861      35.278151     0.74793645
           -3.5      47.038785     0.64917848      46.988983     0.64854724      47.088596      0.6498966
             -3      55.164876     0.69444729       55.12689      0.6938773      55.202822     0.69511371
           -2.5      60.157023     0.73298718      60.125591     0.73291729       60.18845     0.73317973
             -2      59.785104     0.73844742      59.752049     0.73806025      59.818132     0.73890029
           -1.5      53.154471     0.68311994      53.132518     0.68275581      53.176394     0.68353466
             -1      45.352108      0.6378966      45.340501      0.6376507      45.363698     0.63820091
           -0.5      41.519683     0.61094839      41.488253     0.61004769      41.551089     0.61195505
              0      41.969721     0.61419056      41.938534     0.61324284         42.001     0.61524772
            0.5      46.744453     0.64784416      46.693275     0.64662467      46.795601     0.64915585
              1      53.073811     0.68499252      52.994806      0.6835309        53.1528     0.68662686
            1.5      57.969449      0.7102189      57.856442     0.70863816      58.082429     0.71191171
              2      59.781304     0.71959114      59.604484     0.71716239      59.958115     0.72221459
            2.5      54.742997     0.69543714       54.52332     0.69233244      54.962673     0.69875181
              3      45.961624     0.64035098      45.704868     0.63600438      46.218471     0.64499912
            3.5       33.71714     0.54825344      33.461565     0.54417603      33.972698     0.55278927
              4      23.958704     0.52574121      23.766508     0.51971448      24.150888     0.53203333
            4.5      14.068514     0.38893207      13.927341     0.38422884      14.209689     0.39430261
              5      14.068514     0.38893207      13.927341     0.38422884      14.209689     0.39430261
