#          pt_H        central        num_err    min (scale)        num_err    max (scale)        num_err
              0      5.5254924    0.035683096      5.4919505    0.035431442       5.559031    0.035959934
             20      5.9150089    0.046004752      5.8962028    0.050106828      5.9334673    0.042702506
             40      3.7259037    0.028396147      3.7234016    0.028375375      3.7284084    0.028421092
             60      2.3131984    0.022792872      2.3125125     0.02277019       2.313884    0.022819484
             80      1.4650831    0.018364205       1.464707    0.018369965      1.4654585     0.01836005
            100     0.98747193    0.015142961     0.98742141    0.015155423     0.98752185    0.015133246
            120     0.65207697    0.012766312     0.65186219    0.012772096     0.65229133    0.012761418
            140     0.46405314    0.010382571     0.46382693    0.010391464     0.46427917    0.010375064
            160     0.31892899   0.0085491824     0.31881003   0.0085566495     0.31904772   0.0085428947
            180     0.23863093   0.0076137217     0.23856309   0.0076214171     0.23869866   0.0076066084
            200     0.17086258   0.0063168795     0.17073122   0.0063130813     0.17099386   0.0063207547
            220       0.123322    0.005257628     0.12322611   0.0052545141     0.12341774   0.0052608035
            240    0.094000959   0.0047376062    0.093981095   0.0047448352    0.094020715    0.004730723
            260    0.064837863   0.0039079773    0.064795265     0.00390582     0.06488039   0.0039101596
            280    0.055310803   0.0036229509    0.055307215   0.0036275916     0.05531431   0.0036184815
            300    0.043403205   0.0031253838    0.043368795   0.0031230665     0.04343758   0.0031277208
            320    0.034011905   0.0029122954    0.034004105   0.0029132307    0.034019635   0.0029114052
            340    0.023362427   0.0023506609    0.023341815   0.0023487665     0.02338305   0.0023525749
            360    0.022026756   0.0022200954    0.022017815   0.0022195621     0.02203571   0.0022206502
            380    0.017086686   0.0019538621    0.017076495   0.0019529339     0.01709686   0.0019548004
            400    0.014753701   0.0018230012    0.014743595   0.0018218771    0.014763795   0.0018241457
            420    0.008433404   0.0017290733    0.008431925     0.00172893     0.00843489   0.0017292233
            440    0.011701129   0.0016376043     0.01169297   0.0016365032      0.0117093   0.0016387156
            460    0.006812188   0.0012234311     0.00680986   0.0012230132     0.00681452   0.0012238501
            480    0.006152944    0.001162739    0.006113315   0.0011557019   0.0061951549   0.0011712351
            500    0.006152944    0.001162739    0.006113315   0.0011557019   0.0061951549   0.0011712351
