#      ptzoom_H        central        num_err    min (scale)        num_err    max (scale)        num_err
              0       2.109112    0.045229952      2.0974634    0.044998062      2.1207585     0.04552933
              5      5.5531773    0.076119025      5.5094663    0.075367073      5.5968846    0.076936623
             10      7.1123454    0.082780857      7.0688073    0.082228474      7.1558795    0.083384595
             15      7.3273349    0.082415494      7.2920651    0.081967657      7.3626016     0.08288764
             20       6.918629    0.079042266      6.8945359    0.078754518      6.9427197    0.079345454
             25       6.158615    0.073754799       6.141825    0.073558843       6.175403    0.073967625
             30      5.5010754     0.13085829      5.4656571     0.15101958      5.5344719     0.11354064
             35      5.0817165     0.07864777      5.0812747    0.075225082      5.0827932    0.082930127
             40      4.4308921    0.062789757      4.4267615    0.062722367      4.4350213    0.062864258
             45      3.8965693    0.059106205      3.8936212    0.059052587      3.8995157     0.05916504
             50      3.4807869    0.056223733      3.4790451    0.056216631      3.4825302    0.056240878
             55      3.0953666    0.052496929      3.0941787    0.052459716      3.0965665      0.0525451
             60      2.7505836    0.049847173       2.749784    0.049802714      2.7513836    0.049899232
             65      2.3903241    0.046764015      2.3881357    0.046680295      2.3925123    0.046863841
             70      2.1805959    0.045112596       2.180138    0.045125821      2.1810529    0.045101589
             75        1.93129    0.042182361      1.9310774    0.042142077      1.9315019    0.042227331
             80      1.6781415    0.039001685      1.6774329    0.038995096      1.6788492    0.039010379
             85      1.5618981    0.037715873      1.5613342    0.037730162      1.5624613    0.037704661
             90      1.4207987    0.037128976      1.4207812    0.037102371      1.4208164    0.037161126
             95      1.1994937      0.0338134      1.1992446    0.033819245      1.1997425    0.033809541
            100      1.1994937      0.0338134      1.1992446    0.033819245      1.1997425    0.033809541
