#           y_H        central        num_err    min (scale)        num_err    max (scale)        num_err
             -5              0              0              0              0              0              0
           -4.5     0.07031936    0.024860561      0.0703052    0.024855657      0.0703334    0.024865627
             -4      2.2053201     0.15057547      2.2039014     0.15046595       2.206739     0.15069221
           -3.5      8.6625093      1.1457197      8.4343993      1.3723634      8.8704335     0.94172416
             -3      25.006903      0.6432159      24.934172     0.59970177       25.08596     0.69588443
           -2.5      45.454264     0.65525101      45.441435     0.65514021      45.467078     0.65539673
             -2      67.841621     0.78156677      67.827666     0.78139668      67.855568     0.78181879
           -1.5      89.067922     0.89532938      89.022292     0.89514157      89.113534     0.89564348
             -1      101.02005     0.92889864      100.91124     0.92787979       101.1288     0.93001689
           -0.5      108.89385     0.96285811      108.71296     0.96095202      109.07469      0.9649501
              0      110.40629      0.9681225      110.16439     0.96563714      110.64825     0.97084672
            0.5       102.3332      0.9404669      102.01936     0.93717818      102.64697     0.94414561
              1       86.22213     0.88327388      85.898508     0.87845887       86.54574     0.88842832
            1.5      66.261501      0.7766647      65.964543      0.7720282      66.558453     0.78156963
              2      44.334849     0.64849915       44.08676     0.64296518      44.583011     0.65461075
            2.5      23.940652     0.48342016      23.775975     0.47974325      24.105315     0.48770601
              3      9.5927506     0.32410978      9.5267724     0.32151141      9.6587233     0.32686219
            3.5       2.002826     0.14761044      1.9820214     0.14711687       2.023647     0.14836363
              4     0.07031936     0.02486025      0.0694842    0.024569468      0.0711546    0.025159891
            4.5              0              0              0              0              0              0
              5              0              0              0              0              0              0
