#         eta_H        central        num_err    min (scale)        num_err    max (scale)        num_err
             -5      13.434596      1.1712046      13.177847      1.3938146      15.222474     0.41140132
           -4.5      23.991765      0.4723467      23.115053     0.45519413      25.013705     0.49313771
             -4      35.281307     0.69974497       33.74539     0.54615945      36.195208     0.58685192
           -3.5      47.061196     0.64928191       45.65493     0.62883242      48.707945      0.6747495
             -3      55.193258     0.69462842      53.802118     0.67596397      56.871839     0.71859442
           -2.5      60.248902     0.73353114      58.804218     0.71129376      61.955523     0.76136699
             -2      59.800544     0.73858794      58.563347     0.71843322       61.33379     0.76477879
           -1.5      53.032257     0.68238591      52.100559     0.66885756      54.210111     0.70047958
             -1      45.403638     0.63803341      44.651415     0.62565736      46.342545     0.65449742
           -0.5       41.43323     0.61036327      40.733375     0.59765197       42.31738     0.62761626
              0      41.988855      0.6143334      41.306449     0.60149755      42.847757     0.63156422
            0.5      46.734571     0.64776294      45.946297     0.63457183      47.718062     0.66521098
              1      53.063117     0.68499082      52.101665     0.67015885      54.254764     0.70485882
            1.5      57.971576     0.71024475      56.900904     0.69636496      59.312393     0.72885246
              2       59.87192     0.72012355      58.623499     0.70480875      61.395177     0.74035234
            2.5      54.588509     0.69454599      53.324993     0.67887725      56.147888     0.71539502
              3      46.049042     0.64091394      44.840278     0.62353671      47.517236     0.66398425
            3.5      33.635855     0.54760128      32.578962     0.53265968      34.901535     0.56999155
              4      23.940717      0.5251562      23.171477     0.51242476      24.878723     0.54479976
            4.5      14.025072     0.38845575      13.490206     0.37242953      14.635575     0.40846598
              5      14.025072     0.38845575      13.490206     0.37242953      14.635575     0.40846598
