#          pt_H        central        num_err    min (scale)        num_err    max (scale)        num_err
              0      5.5279031    0.035692971       5.294556    0.034271819      5.8021841    0.037534862
             20      5.9141746    0.046010686       5.792567     0.03447707      6.0993267    0.036423217
             40      3.7258459    0.028396578       3.659941    0.027818309      3.8074063    0.029164256
             60      2.3129887     0.02279337      2.2758545    0.022321356      2.3604498    0.023426258
             80      1.4634428    0.018355529      1.4427066    0.017964577       1.489927    0.018872718
            100     0.98852245    0.015149967     0.97567426    0.014880498      1.0051269    0.015529255
            120     0.65345304    0.012778737     0.64537228    0.012437224      0.6638625    0.013231689
            140     0.46418457     0.01037563     0.45943163    0.010211478     0.47045959    0.010609358
            160     0.31872076   0.0085466841     0.31523903   0.0084135002     0.32318113   0.0087303539
            180     0.23929658    0.007623165     0.23684742   0.0075161857     0.24239837   0.0077751054
            200     0.17064011   0.0063127962     0.16945787   0.0062481097     0.17234372   0.0064104115
            220     0.12310638   0.0052532065     0.12214162   0.0052028592     0.12437834   0.0053241095
            240    0.093570444    0.004727861    0.092758605    0.004666781     0.09468442   0.0048179973
            260    0.063960005    0.003883115      0.0633991   0.0038368249     0.06466908   0.0039479767
            280    0.054654019   0.0036031118    0.054086665   0.0035281865    0.055334475   0.0037046117
            300    0.043185499   0.0031178342     0.04293253   0.0030974261     0.04353592   0.0031480515
            320    0.033793987   0.0029041832    0.033501365   0.0028642575    0.034206205   0.0029648665
            340    0.023364295   0.0023510036     0.02324065   0.0023289034     0.02354883   0.0023854542
            360    0.022467019   0.0022418035    0.022337105   0.0022276191    0.022648395   0.0022628568
            380     0.01708753   0.0019539699     0.01698208   0.0019395851     0.01724076   0.0019757177
            400    0.014974319   0.0018363173    0.014837945    0.001818431     0.01514835   0.0018616143
            420    0.008651039   0.0017413975     0.00841989   0.0016059052    0.008912465   0.0019056371
            440    0.011701622   0.0016376746     0.01164754   0.0016279708    0.011781885   0.0016530196
            460     0.00659268    0.001203587     0.00658815   0.0012027619    0.006601235   0.0012051554
            480    0.005933412   0.0011418275     0.00592434   0.0011400973     0.00594908   0.0011448854
            500    0.005933412   0.0011418275     0.00592434   0.0011400973     0.00594908   0.0011448854
