#      ptzoom_H        central        num_err    min (scale)        num_err    max (scale)        num_err
              0      2.1153421     0.04529057      1.9659096    0.042428099      2.2891273    0.049246176
              5      5.5577232    0.076145392      5.2743292    0.072496323      5.8930499    0.080952619
             10      7.1100591    0.082786382      6.8372588    0.079892254      7.4278847    0.086343731
             15      7.3284881    0.082422969      7.1007262    0.079882416      7.5986745    0.085594114
             20      6.9035561    0.078958895      6.7124094    0.076722817      7.1301748    0.081775798
             25      6.1686273    0.073824241      6.0236983    0.072083902      6.3429338    0.076055182
             30      5.4995063     0.13089696      5.4642156     0.15107965      5.7565927    0.072361886
             35      5.0850085    0.078653712      4.9427842    0.065472778      5.1676054    0.068737377
             40      4.4362795    0.062827309      4.3549552    0.061603276      4.5374714    0.064455711
             45      3.8966771    0.059107819       3.825836    0.057929658      3.9864097    0.060693705
             50      3.4791563    0.056212241      3.4180889    0.054874337      3.5523571    0.057939808
             55      3.0912707    0.052467106      3.0408838    0.051532195      3.1533871    0.053716598
             60      2.7524418    0.049864242      2.7078872     0.04889619      2.8094139    0.051174453
             65       2.386422    0.046734316       2.346956    0.045768317      2.4368072    0.048043637
             70      2.1808556    0.045118524      2.1446672    0.044115251       2.226673    0.046444655
             75      1.9322354    0.042192918      1.9039075    0.041333622      1.9689051    0.043331141
             80      1.6739805    0.038958275      1.6525841    0.038372467       1.702062    0.039775009
             85      1.5637991    0.037739763        1.54244    0.037088072      1.5915424    0.038629399
             90      1.4146987    0.037057805       1.393057     0.03601738      1.4415129    0.038388454
             95      1.2012929    0.033836948      1.1827454    0.032953154      1.2245908    0.034969733
            100      1.2012929    0.033836948      1.1827454    0.032953154      1.2245908    0.034969733
