#           y_H        central        num_err    min (scale)        num_err    max (scale)        num_err
             -5              0              0              0              0              0              0
           -4.5     0.07032192    0.024861466       0.068594    0.024278608      0.0722882    0.025577461
             -4      2.2141965     0.15083696        2.14295     0.14671305      2.2910142     0.15548434
           -3.5      8.6826754      1.1463052      8.4544387      1.3731371      10.093518     0.31975428
             -3      25.040644     0.64340675      23.962542     0.47820294      25.417497        0.51076
           -2.5      45.412889     0.65554477      44.257622     0.63696726      46.780114     0.67815072
             -2      67.883938     0.78176742      66.181115      0.7599919      69.901737     0.80901416
           -1.5      89.361972     0.89670197      87.058424     0.86733805      92.092142     0.93367181
             -1      100.93814      0.9284017      98.488179     0.90449114      103.90826     0.95925868
           -0.5      108.78277     0.96242725      106.28624     0.93851477      111.85885     0.99396152
              0      110.31363     0.96777465       107.7486     0.94308223      113.44113      1.0000507
            0.5      102.42579      0.9408763      100.03112     0.91857414      105.34263     0.97214543
              1      86.323447     0.88375658       84.37938      0.8640806      88.709182     0.91131358
            1.5       66.12874     0.77595686      64.622232     0.75661231      67.977004     0.80207919
              2       44.28235     0.64780166      43.248967     0.62964507      45.531529     0.67398463
            2.5      23.941346     0.48343419      23.404117     0.47221125      24.610977     0.49829203
              3      9.5403506     0.32340474      9.3440615     0.31764645      9.7861458     0.33181462
            3.5      1.9852962     0.14708778      1.9507636     0.14366767       2.039176      0.1506566
              4     0.07032192    0.024861154      0.0677672     0.02400302      0.0727244     0.02574915
            4.5              0              0              0              0              0              0
              5              0              0              0              0              0              0
